116
154
129
162
130
173
124
5
44
21
143
112
40
125
149
32
145
15
189
87
11
120
73
128
80
198
198
22
198
187
131
66
121
99
82
191
197
35
197
68
53
118
131
136
132
66
76
91
134
118
146
194
107
194
131
209
231
181
43
41
155
42
107
147
121
200
79
99
120
129
20
82
50
197
116
180
32
54
13
95
112
74
105
188
120
19
138
102
190
108
75
63
84
114
106
196
164
128
50
27
5
56
6
160
103
179
39
65
64
128
204
78
15
141
65
3
67
70
177
108
233
148
102
74
5
212
192
91
196
130
98
68
3
158
132
77
113
41
148
79
99
155
51
176
55
118
177
46
189
96
251
175
75
184
76
243
58
0
174
4
224
0
2
164
36
219
182
111
199
131
165
38
82
118
93
155
186
120
198
132
123
34
51
165
128
70
41
52
99
121
2
98
86
133
93
213
152
21
171
115
252
167
98
171
118
220
113
34
123
102
5
96
55
101
70
73
181
15
186
24
162
148
43
193
82
168
83
130
155
131
145
126
95
190
123
31
130
77
189
90
3
43
131
98
132
233
93
88
150
112
47
135
22
181
67
165
167
80
183
116
101
188
130
195
132
124
110
118
138
132
41
120
14
167
107
37
45
49
66
77
49
177
110
196
123
172
187
25
197
64
5
4
21
168
49
187
158
118
187
129
247
55
129
186
129
206
172
28
193
110
241
57
120
59
130
224
147
26
189
56
27
165
91
187
114
208
112
111
168
132
77
164
102
191
131
222
78
109
199
112
120
54
87
143
98
212
151
47
159
50
74
48
25
69
75
17
119
52
186
104
122
64
79
179
107
36
148
17
158
131
119
94
113
142
114
125
133
35
193
74
198
111
113
150
126
230
66
17
167
130
205
5
132
23
132
74
131
84
152
117
16
149
36
167
72
77
109
13
181
98
221
57
95
96
118
106
101
120
161
124
68
76
95
188
97
164
156
78
194
122
66
70
37
78
52
179
196
61
199
80
195
69
125
111
129
9
12
69
165
89
220
5
128
168
129
0
5
19
68
129
191
102
17
153
58
219
179
26
194
55
186
57
131
73
132
234
13
20
183
48
189
116
16
152
125
219
36
56
78
81
85
95
52
143
96
116
115
7
179
61
74
102
109
150
120
62
192
22
199
62
148
153
43
157
92
208
125
35
139
66
20
80
131
91
132
151
26
80
62
86
150
100
23
148
115
246
52
52
156
126
30
36
92
189
120
244
104
76
182
78
18
118
100
122
130
164
58
66
114
120
245
84
110
105
111
238
156
32
156
65
85
36
17
68
73
181
15
97
124
125
194
144
76
161
76
87
40
112
187
121
186
52
98
199
119
79
165
35
168
67
18
140
10
164
98
160
65
128
190
132
66
69
108
93
121
173
67
131
126
132
123
118
57
128
106
114
140
60
140
116
132
9
114
79
120
106
90
26
172
130
25
5
77
39
84
243
160
22
188
88
223
38
105
49
130
156
165
38
187
126
156
47
38
145
125
213
67
127
74
130
94
103
60
119
102
233
183
27
185
29
182
92
111
196
125
135
94
97
104
99
252
192
121
192
123
37
168
59
197
116
110
18
31
84
45
135
50
66
83
115
16
8
126
191
126
16
73
69
191
73
227
0
15
155
21
249
196
99
198
129
22
1
110
143
121
159
188
72
192
96
122
157
63
192
130
186
39
98
182
114
179
103
75
183
89
156
39
129
108
129
110
127
90
145
103
74
85
57
186
107
65
34
93
50
127
84
165
33
196
116
64
102
61
182
74
178
164
25
195
57
38
63
102
180
106
162
68
57
105
80
157
66
31
116
100
91
105
79
109
128
166
10
110
147
130
117
143
35
158
103
37
18
90
40
118
143
103
0
138
33
236
76
105
164
125
154
132
87
137
101
126
65
45
139
130
124
111
84
150
95
214
61
114
125
124
123
195
110
198
128
232
116
122
173
129
92
135
50
161
102
150
123
15
127
15
253
72
25
112
112
25
130
2
131
44
239
119
49
165
125
173
197
51
199
123
168
37
106
183
116
206
142
59
147
113
205
193
40
196
105
17
120
101
155
123
93
24
1
173
50
37
106
37
142
44
250
108
89
181
112
199
44
87
152
115
133
58
42
146
132
210
156
4
184
117
248
2
98
39
118
19
193
91
199
102
152
119
104
197
127
219
128
47
163
104
214
1
67
87
112
42
152
107
177
131
197
81
30
185
119
108
40
24
47
105
106
30
118
186
123
161
166
23
171
37
231
6
114
148
129
124